1379,39,0.9941161797545225
1374,39,0.9941161797545225
1374,39,0.9941161797545225
1374,39,0.9941161797545225
1374,39,0.9941161797545225
1374,39,0.9941161797545225
1,39,0.9941161797545225
1312,39,0.9977652870321855
1312,39,0.9977652870321855
1312,39,0.9977652870321855
1312,39,0.9977652870321855
1312,39,0.9977652870321855
1312,39,0.9977652870321855
1312,39,0.9977652870321855
1312,39,0.9977652870321855
1312,39,0.9977652870321855
1312,39,0.9977652870321855
1312,39,0.9977652870321855
1312,39,0.9977652870321855
1312,39,0.9977652870321855
1312,39,0.9977652870321855
1312,39,0.9977652870321855
1312,39,0.9977652870321855
1312,39,0.9977652870321855
1312,39,0.9977652870321855
1312,39,0.9977652870321855
1312,39,0.9977652870321855
1312,39,0.9977652870321855
1312,39,0.9977652870321855
1312,39,0.9977652870321855
1312,39,0.9977652870321855
1312,39,0.9977652870321855
1312,19991,0.9656009152734256
1312,19991,0.9656009152734256
1312,19991,0.9656009152734256
1312,44,0.987868358862865
1312,44,0.987868358862865
1209,44,0.9939614368711215
1209,44,0.9939614368711215
1209,44,0.9939614368711215
1391,19991,0.9936505327267391
1391,19991,0.9936505327267391
1391,19991,0.9936505327267391
1391,19991,0.9936505327267391
1391,19991,0.9936505327267391
1391,19991,0.9936505327267391
1391,19991,0.9936505327267391
1391,19991,0.9936505327267391
1391,19991,0.9936505327267391
1391,19991,0.9936505327267391
1391,19991,0.9936505327267391
1391,19991,0.9936505327267391
1391,19991,0.9936505327267391
1391,19991,0.9936505327267391
1391,19991,0.9936505327267391
1391,19991,0.9936505327267391
1391,19991,0.9936505327267391
1391,19991,0.9936505327267391
1391,19991,0.9936505327267391
1391,19991,0.9936505327267391
1377,39,0.9941161797545225
1377,39,0.9941161797545225
1377,39,0.9941161797545225
1377,39,0.9941161797545225
1377,39,0.9941161797545225
