1258,39,0.9934763921738086
1258,39,0.9934763921738086
1258,39,0.9934763921738086
1258,39,0.9934763921738086
1258,39,0.9934763921738086
1258,39,0.9934763921738086
1258,39,0.9934763921738086
1136,65,0.996533283301244
1136,65,0.996533283301244
1136,65,0.996533283301244
1136,65,0.996533283301244
1136,65,0.996533283301244
1136,65,0.996533283301244
1136,65,0.996533283301244
1136,65,0.996533283301244
1136,65,0.996533283301244
1136,65,0.996533283301244
1136,65,0.996533283301244
1136,65,0.996533283301244
1136,65,0.996533283301244
1136,65,0.996533283301244
1136,65,0.996533283301244
1136,65,0.996533283301244
1136,65,0.996533283301244
1136,65,0.996533283301244
1136,65,0.996533283301244
1136,65,0.996533283301244
1136,65,0.996533283301244
1136,65,0.996533283301244
1136,65,0.996533283301244
1358,169,0.990469302786803
1112,39,0.998746851404476
1112,39,0.998746851404476
1112,39,0.998746851404476
1112,39,0.998746851404476
1112,39,0.998746851404476
1112,39,0.998746851404476
1112,39,0.998746851404476
1112,39,0.998746851404476
1112,39,0.998746851404476
1112,39,0.998746851404476
1112,39,0.998746851404476
1112,39,0.998746851404476
1112,39,0.998746851404476
1112,39,0.998746851404476
1112,39,0.998746851404476
1112,65,0.9991723324674608
1112,65,0.9991723324674608
1112,65,0.9991723324674608
1112,65,0.9991723324674608
1112,65,0.9991723324674608
1112,65,0.9991723324674608
1112,44,0.9798085642488928
1112,44,0.9798085642488928
1112,44,0.9798085642488928
1112,44,0.9798085642488928
1112,44,0.9798085642488928
1112,44,0.9798085642488928
1112,44,0.9798085642488928
1112,44,0.9798085642488928
1112,44,0.9798085642488928
1112,44,0.9798085642488928
1112,44,0.9798085642488928
1112,44,0.9798085642488928
205,65,0.996533283301244
205,65,0.996533283301244
205,65,0.996533283301244
205,65,0.996533283301244
205,65,0.996533283301244
205,65,0.996533283301244
205,65,0.996533283301244
205,65,0.996533283301244
205,65,0.996533283301244
205,65,0.996533283301244
205,65,0.996533283301244
205,65,0.996533283301244
205,65,0.996533283301244
205,65,0.996533283301244
205,65,0.996533283301244
205,65,0.996533283301244
205,65,0.996533283301244
205,65,0.996533283301244
205,65,0.996533283301244
205,65,0.996533283301244
205,65,0.996533283301244
205,65,0.996533283301244
205,65,0.996533283301244
205,65,0.996533283301244
205,65,0.996533283301244
205,65,0.996533283301244
205,65,0.996533283301244
1312,39,0.9808784767810415
1312,169,0.9907965877517133
1312,169,0.9907965877517133
1312,169,0.9907965877517133
1312,169,0.9907965877517133
1312,169,0.9907965877517133
1312,169,0.9907965877517133
1312,169,0.9907965877517133
1312,169,0.9907965877517133
1312,169,0.9907965877517133
1312,169,0.9907965877517133
1312,169,0.9907965877517133
1312,169,0.9907965877517133
1312,169,0.9907965877517133
1312,169,0.9907965877517133
1312,169,0.9907965877517133
1312,169,0.9907965877517133
1312,169,0.9907965877517133
1312,169,0.9907965877517133
1312,169,0.9907965877517133
1312,169,0.9907965877517133
1312,169,0.9907965877517133
1312,169,0.9907965877517133
1312,169,0.9907965877517133
1312,169,0.9907965877517133
1312,169,0.9907965877517133
1312,169,0.9907965877517133
1197,65,0.996533283301244
1197,65,0.996533283301244
1197,65,0.996533283301244
1196,65,0.996533283301244
1196,65,0.996533283301244
1072,65,0.996533283301244
1072,65,0.996533283301244
