1258,39,0.9938905374791556
1258,39,0.9938905374791556
1258,39,0.9938905374791556
1258,39,0.9938905374791556
1258,39,0.9938905374791556
1258,39,0.9938905374791556
1258,39,0.9938905374791556
1136,65,0.9966854552884756
1136,65,0.9966854552884756
1136,65,0.9966854552884756
1136,65,0.9966854552884756
1136,65,0.9966854552884756
1136,65,0.9966854552884756
1136,65,0.9966854552884756
1136,65,0.9966854552884756
1136,65,0.9966854552884756
1136,65,0.9966854552884756
1136,65,0.9966854552884756
1136,65,0.9966854552884756
1136,65,0.9966854552884756
1136,65,0.9966854552884756
1136,65,0.9966854552884756
1136,65,0.9966854552884756
1136,65,0.9966854552884756
1136,65,0.9966854552884756
1136,65,0.9966854552884756
1136,65,0.9966854552884756
1136,65,0.9966854552884756
1136,65,0.9966854552884756
1136,65,0.9966854552884756
1358,169,0.991606499174374
1112,39,0.9992811751836677
1112,39,0.9992811751836677
1112,39,0.9992811751836677
1112,39,0.9992811751836677
1112,39,0.9992811751836677
1112,39,0.9992811751836677
1112,39,0.9992811751836677
1112,39,0.9992811751836677
1112,39,0.9992811751836677
1112,39,0.9992811751836677
1112,39,0.9992811751836677
1112,39,0.9992811751836677
1112,39,0.9992811751836677
1112,39,0.9992811751836677
1112,39,0.9992811751836677
1112,65,0.9997320779471697
1112,65,0.9997320779471697
1112,65,0.9997320779471697
1112,65,0.9997320779471697
1112,65,0.9997320779471697
1112,65,0.9997320779471697
1112,44,0.9790739715946234
1112,44,0.9790739715946234
1112,44,0.9790739715946234
1112,44,0.9790739715946234
1112,44,0.9790739715946234
1112,44,0.9790739715946234
1112,44,0.9790739715946234
1112,44,0.9790739715946234
1112,44,0.9790739715946234
1112,44,0.9790739715946234
1112,44,0.9790739715946234
1112,44,0.9790739715946234
205,65,0.9966854552884756
205,65,0.9966854552884756
205,65,0.9966854552884756
205,65,0.9966854552884756
205,65,0.9966854552884756
205,65,0.9966854552884756
205,65,0.9966854552884756
205,65,0.9966854552884756
205,65,0.9966854552884756
205,65,0.9966854552884756
205,65,0.9966854552884756
205,65,0.9966854552884756
205,65,0.9966854552884756
205,65,0.9966854552884756
205,65,0.9966854552884756
205,65,0.9966854552884756
205,65,0.9966854552884756
205,65,0.9966854552884756
205,65,0.9966854552884756
205,65,0.9966854552884756
205,65,0.9966854552884756
205,65,0.9966854552884756
205,65,0.9966854552884756
205,65,0.9966854552884756
205,65,0.9966854552884756
205,65,0.9966854552884756
205,65,0.9966854552884756
1312,39,0.9823161158424671
1312,169,0.9919295999215492
1312,169,0.9919295999215492
1312,169,0.9919295999215492
1312,169,0.9919295999215492
1312,169,0.9919295999215492
1312,169,0.9919295999215492
1312,169,0.9919295999215492
1312,169,0.9919295999215492
1312,169,0.9919295999215492
1312,169,0.9919295999215492
1312,169,0.9919295999215492
1312,169,0.9919295999215492
1312,169,0.9919295999215492
1312,169,0.9919295999215492
1312,169,0.9919295999215492
1312,169,0.9919295999215492
1312,169,0.9919295999215492
1312,169,0.9919295999215492
1312,169,0.9919295999215492
1312,169,0.9919295999215492
1312,169,0.9919295999215492
1312,169,0.9919295999215492
1312,169,0.9919295999215492
1312,169,0.9919295999215492
1312,169,0.9919295999215492
1312,169,0.9919295999215492
1197,65,0.9966854552884756
1197,65,0.9966854552884756
1197,65,0.9966854552884756
1196,65,0.9966854552884756
1196,65,0.9966854552884756
1072,65,0.9966854552884756
1072,65,0.9966854552884756
