1312,39
1312,39
1312,39
1312,39
1312,39
1374,39
1374,39
1374,39
1312,19991
1391,19991
1391,19991
1391,19991
1391,19991
1445,19991
1447,19991
1449,19991
1451,19991
1453,19991
1455,19991
1457,19991
1459,19991
1461,19991
1463,19991
1467,19991
1469,19991
1473,19991
1471,19991
1475,19991
1477,19991
1479,19991
1481,19991
1483,19991
1485,19991
1487,19991
1489,19991
1491,19991
1493,19991
1495,19991
1497,19991
1499,19991
1312,39
1312,39
1312,39
1312,39
1312,39
1312,39
1312,39
1312,39
1312,39
1312,39
1312,44
1312,39
1312,39
1312,44
1312,19991
1312,19991
1391,19991
1391,19991
1391,19991
1391,19991
1391,19991
1391,19991
1391,19991
1391,19991
1391,19991
1391,19991
1391,19991
1391,19991
1391,19991
1391,19991
1391,19991
1391,19991
1501,19991
1503,19991
1209,44
1209,44
1209,44
1312,39
1312,39
1312,39
1312,39
1312,39
1,39
1377,39
1377,39
1377,39
1377,39
1374,39
1374,39
1379,39
1377,39
1312,39
1312,39
1312,39
1689,19991
1691,19991
1693,19991
1695,19991
1697,19991
1699,19991
1701,19991
1703,19991
1705,19991
1707,19991
1709,19991
1711,19991
1713,19991
1715,19991
1717,19991
1719,19991
1721,19991
1723,19991
1725,19991
1727,19991
1729,19991
1731,19991
1733,19991
1735,19991
1737,19991
1739,19991
1741,19991
1743,19991
1745,19991
1747,19991
1749,19991
1505,19991
1507,19991
1509,19991
1511,19991
1513,19991
1515,19991
1517,19991
1519,19991
1521,19991
1523,19991
1525,19991
1527,19991
1529,19991
1531,19991
1533,19991
1535,19991
1537,19991
1539,19991
1541,19991
1543,19991
1545,19991
1547,19991
1549,19991
1551,19991
1553,19991
1555,19991
1557,19991
1559,19991
1561,19991
1563,19991
1565,19991
1567,19991
1569,19991
1571,19991
1573,19991
1575,19991
1577,19991
1579,19991
1581,19991
1583,19991
1585,19991
1776,19991
1778,19991
1780,19991
1784,19991
1788,19991
1796,19991
1810,19991
1814,19991
1816,19991
1818,19991
1820,19991
1822,19991
1824,19991
1826,19991
1828,19991
1830,19991
1832,19991
1589,19991
1591,19991
1593,19991
1595,19991
1597,19991
1599,19991
1601,19991
1603,19991
1605,19991
1607,19991
1609,19991
1611,19991
1613,19991
1615,19991
1617,19991
1619,19991
1621,19991
1623,19991
1625,19991
1627,19991
1629,19991
1631,19991
1633,19991
1635,19991
1637,19991
1639,19991
1641,19991
1643,19991
1645,19991
1647,19991
1649,19991
1651,19991
1653,19991
1655,19991
1657,19991
1659,19991
1661,19991
1663,19991
1665,19991
1667,19991
1669,19991
1671,19991
1673,19991
1675,19991
1677,19991
1679,19991
1681,19991
1683,19991
1685,19991
1687,19991
