1258,39
1258,39
1258,39
1258,39
1258,39
1258,39
1258,39
1112,39
1112,39
1112,39
1112,39
1312,39
1112,39
1112,39
1112,39
1112,39
205,65
205,65
1112,39
1112,39
1112,39
1112,44
1112,44
1112,44
1112,44
1112,44
1112,44
1112,44
1112,44
1112,44
1112,44
1112,44
1112,44
205,65
205,65
205,65
1197,65
1196,65
1196,65
1197,65
1197,65
1112,39
1112,39
1112,39
1112,39
1312,169
1136,65
1312,169
1312,169
1072,65
1136,65
1136,65
1136,65
1136,65
1136,65
1136,65
1136,65
1136,65
1136,65
1136,65
1136,65
1112,65
1112,65
1112,65
1112,65
1136,65
1136,65
1136,65
1136,65
1136,65
1136,65
1112,65
1112,65
1136,65
1136,65
1136,65
1136,65
1312,169
1312,169
1312,169
1312,169
1312,169
1312,169
1312,169
1312,169
1312,169
1312,169
1312,169
1312,169
1312,169
1312,169
1312,169
1312,169
1312,169
1312,169
1312,169
1312,169
1358,169
1312,169
1312,169
1312,169
1072,65
205,65
205,65
205,65
205,65
205,65
205,65
205,65
205,65
205,65
205,65
205,65
205,65
205,65
205,65
205,65
205,65
205,65
205,65
205,65
205,65
205,65
205,65
1136,65
