1621,19991,0.9901570573901708
1209,44,0.9929488930358874
1209,44,0.9929488930358874
1209,44,0.9929488930358874
1503,19991,0.9901570573901708
1649,19991,0.9901570573901708
1379,39,0.9924343929487507
1545,19991,0.9901570573901708
1687,19991,0.9901570573901708
1525,19991,0.9901570573901708
1547,19991,0.9901570573901708
1527,19991,0.9901570573901708
1645,19991,0.9901570573901708
1685,19991,0.9901570573901708
1625,19991,0.9901570573901708
1451,19991,0.9901570573901708
1445,19991,0.9901570573901708
1473,19991,0.9901570573901708
1515,19991,0.9901570573901708
1741,19991,0.9901570573901708
1565,19991,0.9901570573901708
1591,19991,0.9901570573901708
1826,19991,0.9901570573901708
1449,19991,0.9901570573901708
1471,19991,0.9901570573901708
1501,19991,0.9901570573901708
1721,19991,0.9901570573901708
1818,19991,0.9901570573901708
1523,19991,0.9901570573901708
1723,19991,0.9901570573901708
1665,19991,0.9901570573901708
1627,19991,0.9901570573901708
1,39,0.9924343929487507
1483,19991,0.9901570573901708
1603,19991,0.9901570573901708
1651,19991,0.9901570573901708
1673,19991,0.9901570573901708
1543,19991,0.9901570573901708
1739,19991,0.9901570573901708
1535,19991,0.9901570573901708
1555,19991,0.9901570573901708
1495,19991,0.9901570573901708
1725,19991,0.9901570573901708
1788,19991,0.9901570573901708
1661,19991,0.9901570573901708
1727,19991,0.9901570573901708
1549,19991,0.9901570573901708
1705,19991,0.9901570573901708
1601,19991,0.9901570573901708
1461,19991,0.9901570573901708
1609,19991,0.9901570573901708
1669,19991,0.9901570573901708
1780,19991,0.9901570573901708
1447,19991,0.9901570573901708
1830,19991,0.9901570573901708
1729,19991,0.9901570573901708
1667,19991,0.9901570573901708
1589,19991,0.9901570573901708
1497,19991,0.9901570573901708
1747,19991,0.9901570573901708
1717,19991,0.9901570573901708
1605,19991,0.9901570573901708
1575,19991,0.9901570573901708
1822,19991,0.9901570573901708
1485,19991,0.9901570573901708
1675,19991,0.9901570573901708
1491,19991,0.9901570573901708
1631,19991,0.9901570573901708
1583,19991,0.9901570573901708
1695,19991,0.9901570573901708
1623,19991,0.9901570573901708
1467,19991,0.9901570573901708
1577,19991,0.9901570573901708
1639,19991,0.9901570573901708
1613,19991,0.9901570573901708
1611,19991,0.9901570573901708
1617,19991,0.9901570573901708
1659,19991,0.9901570573901708
1475,19991,0.9901570573901708
1707,19991,0.9901570573901708
1559,19991,0.9901570573901708
1499,19991,0.9901570573901708
1479,19991,0.9901570573901708
1715,19991,0.9901570573901708
1745,19991,0.9901570573901708
1541,19991,0.9901570573901708
1677,19991,0.9901570573901708
1824,19991,0.9901570573901708
1713,19991,0.9901570573901708
1537,19991,0.9901570573901708
1743,19991,0.9901570573901708
1553,19991,0.9901570573901708
1377,39,0.9924343929487507
1377,39,0.9924343929487507
1377,39,0.9924343929487507
1377,39,0.9924343929487507
1377,39,0.9924343929487507
1487,19991,0.9901570573901708
1828,19991,0.9901570573901708
1731,19991,0.9901570573901708
1816,19991,0.9901570573901708
1689,19991,0.9901570573901708
1571,19991,0.9901570573901708
1719,19991,0.9901570573901708
1784,19991,0.9901570573901708
1519,19991,0.9901570573901708
1505,19991,0.9901570573901708
1533,19991,0.9901570573901708
1551,19991,0.9901570573901708
1737,19991,0.9901570573901708
1778,19991,0.9901570573901708
1507,19991,0.9901570573901708
1635,19991,0.9901570573901708
1481,19991,0.9901570573901708
1579,19991,0.9901570573901708
1653,19991,0.9901570573901708
1643,19991,0.9901570573901708
1455,19991,0.9901570573901708
1477,19991,0.9901570573901708
1697,19991,0.9901570573901708
1573,19991,0.9901570573901708
1647,19991,0.9901570573901708
1749,19991,0.9901570573901708
1810,19991,0.9901570573901708
1563,19991,0.9901570573901708
1597,19991,0.9901570573901708
1633,19991,0.9901570573901708
1681,19991,0.9901570573901708
1615,19991,0.9901570573901708
1629,19991,0.9901570573901708
1735,19991,0.9901570573901708
1683,19991,0.9901570573901708
1733,19991,0.9901570573901708
1509,19991,0.9901570573901708
1671,19991,0.9901570573901708
1457,19991,0.9901570573901708
1593,19991,0.9901570573901708
1679,19991,0.9901570573901708
1391,19991,0.9901570573901708
1391,19991,0.9901570573901708
1391,19991,0.9901570573901708
1391,19991,0.9901570573901708
1391,19991,0.9901570573901708
1391,19991,0.9901570573901708
1391,19991,0.9901570573901708
1391,19991,0.9901570573901708
1391,19991,0.9901570573901708
1391,19991,0.9901570573901708
1391,19991,0.9901570573901708
1391,19991,0.9901570573901708
1391,19991,0.9901570573901708
1391,19991,0.9901570573901708
1391,19991,0.9901570573901708
1391,19991,0.9901570573901708
1391,19991,0.9901570573901708
1391,19991,0.9901570573901708
1391,19991,0.9901570573901708
1391,19991,0.9901570573901708
1493,19991,0.9901570573901708
1703,19991,0.9901570573901708
1567,19991,0.9901570573901708
1607,19991,0.9901570573901708
1655,19991,0.9901570573901708
1463,19991,0.9901570573901708
1709,19991,0.9901570573901708
1557,19991,0.9901570573901708
1599,19991,0.9901570573901708
1529,19991,0.9901570573901708
1657,19991,0.9901570573901708
1641,19991,0.9901570573901708
1459,19991,0.9901570573901708
1513,19991,0.9901570573901708
1595,19991,0.9901570573901708
1619,19991,0.9901570573901708
1693,19991,0.9901570573901708
1489,19991,0.9901570573901708
1699,19991,0.9901570573901708
1691,19991,0.9901570573901708
1521,19991,0.9901570573901708
1701,19991,0.9901570573901708
1374,39,0.9924343929487507
1374,39,0.9924343929487507
1374,39,0.9924343929487507
1374,39,0.9924343929487507
1374,39,0.9924343929487507
1796,19991,0.9901570573901708
1832,19991,0.9901570573901708
1539,19991,0.9901570573901708
1469,19991,0.9901570573901708
1453,19991,0.9901570573901708
1312,39,0.9951821465894846
1312,39,0.9951821465894846
1312,39,0.9951821465894846
1312,39,0.9951821465894846
1312,39,0.9951821465894846
1312,39,0.9951821465894846
1312,39,0.9951821465894846
1312,39,0.9951821465894846
1312,39,0.9951821465894846
1312,39,0.9951821465894846
1312,39,0.9951821465894846
1312,39,0.9951821465894846
1312,39,0.9951821465894846
1312,39,0.9951821465894846
1312,39,0.9951821465894846
1312,39,0.9951821465894846
1312,39,0.9951821465894846
1312,39,0.9951821465894846
1312,39,0.9951821465894846
1312,39,0.9951821465894846
1312,39,0.9951821465894846
1312,39,0.9951821465894846
1312,39,0.9951821465894846
1312,39,0.9951821465894846
1312,39,0.9951821465894846
1312,19991,0.9359706564573781
1312,19991,0.9359706564573781
1312,19991,0.9359706564573781
1312,44,0.9869742082726082
1312,44,0.9869742082726082
1585,19991,0.9901570573901708
1569,19991,0.9901570573901708
1511,19991,0.9901570573901708
1814,19991,0.9901570573901708
1517,19991,0.9901570573901708
1581,19991,0.9901570573901708
1637,19991,0.9901570573901708
1663,19991,0.9901570573901708
1561,19991,0.9901570573901708
1820,19991,0.9901570573901708
1531,19991,0.9901570573901708
1776,19991,0.9901570573901708
1711,19991,0.9901570573901708
