1312,39
1312,39
1312,39
1312,39
1312,39
1374,39
1374,39
1374,39
1312,19991
1391,19991
1391,19991
1391,19991
1391,19991
1312,39
1312,39
1312,39
1312,39
1312,39
1312,39
1312,39
1312,39
1312,39
1312,39
1312,44
1312,39
1312,39
1312,44
1312,19991
1312,19991
1391,19991
1391,19991
1391,19991
1391,19991
1391,19991
1391,19991
1391,19991
1391,19991
1391,19991
1391,19991
1391,19991
1391,19991
1391,19991
1391,19991
1391,19991
1391,19991
1209,44
1209,44
1209,44
1312,39
1312,39
1312,39
1312,39
1312,39
1,39
1377,39
1377,39
1377,39
1377,39
1374,39
1374,39
1379,39
1377,39
1312,39
1312,39
1312,39
