559,1312,39
null,1258,39
559,1312,39
null,1258,39
null,1258,39
null,1258,39
null,1258,39
null,1258,39
null,1258,39
559,1312,39
559,1312,39
559,1312,39
559,1374,39
559,1374,39
559,1374,39
559,1312,19991
559,1391,19991
559,1391,19991
559,1391,19991
559,1391,19991
559,1445,19991
559,1447,19991
559,1449,19991
559,1451,19991
559,1453,19991
559,1455,19991
559,1457,19991
559,1459,19991
559,1461,19991
559,1463,19991
559,1467,19991
559,1469,19991
null,1112,39
null,1112,39
null,1112,39
null,1112,39
null,1312,39
null,1112,39
null,1112,39
null,1112,39
null,1112,39
559,1473,19991
8,654322,10
559,1471,19991
559,1475,19991
559,1477,19991
null,205,65
null,205,65
null,1112,39
null,1112,39
null,1112,39
null,1112,44
null,1112,44
null,1112,44
null,1112,44
null,1112,44
null,1112,44
null,1112,44
null,1112,44
null,1112,44
null,1112,44
null,1112,44
null,1112,44
812,205,65
null,205,65
null,205,65
null,205,65
null,1197,65
812,1197,65
null,1196,65
812,1196,65
null,1196,65
null,1197,65
null,1197,65
559,1479,19991
559,1481,19991
559,1483,19991
559,1485,19991
559,1487,19991
559,1489,19991
559,1491,19991
559,1493,19991
559,1495,19991
559,1497,19991
null,1112,39
559,1499,19991
null,1112,39
null,1112,39
null,1112,39
null,1312,169
null,1136,65
null,1312,169
null,1312,169
null,1072,65
null,1136,65
null,1136,65
null,1136,65
null,1136,65
null,1136,65
null,1136,65
null,1136,65
null,1136,65
null,1136,65
null,1136,65
null,1136,65
null,1112,65
null,1112,65
null,1112,65
null,1112,65
null,1136,65
null,1136,65
null,1136,65
null,1136,65
null,1136,65
null,1136,65
null,1112,65
null,1112,65
null,1136,65
null,1136,65
null,1136,65
null,1136,65
null,1312,169
null,1312,169
null,1312,169
null,1312,169
null,1312,169
null,1312,169
null,1312,169
null,1312,169
null,1312,169
null,1312,169
null,1312,169
null,1312,169
null,1312,169
null,1312,169
null,1312,169
null,1312,169
null,1312,169
null,1312,169
null,1312,169
null,1312,169
null,1358,169
null,1312,169
null,1312,169
null,1312,169
559,1312,39
559,1312,39
559,1312,39
559,1312,39
559,1312,39
559,1312,39
559,1312,39
559,1312,39
559,1312,39
559,1312,39
559,1312,44
559,1312,39
559,1312,39
559,1312,44
559,1312,19991
559,1312,19991
559,1391,19991
559,1391,19991
559,1391,19991
559,1391,19991
559,1391,19991
559,1391,19991
559,1391,19991
559,1391,19991
559,1391,19991
559,1391,19991
559,1391,19991
559,1391,19991
559,1391,19991
559,1391,19991
559,1391,19991
559,1391,19991
559,1501,19991
559,1503,19991
559,1209,44
559,1209,44
559,1209,44
559,1312,39
559,1312,39
559,1312,39
559,1312,39
559,1312,39
null,1072,65
null,205,65
null,205,65
null,205,65
null,205,65
null,205,65
null,205,65
null,205,65
null,205,65
null,205,65
null,205,65
null,205,65
null,205,65
null,205,65
null,205,65
null,205,65
null,205,65
null,205,65
null,205,65
null,205,65
null,205,65
null,205,65
812,205,65
null,205,65
null,1136,65
812,1213,65
559,1,39
559,1377,39
559,1377,39
559,1377,39
559,1377,39
559,1374,39
559,1374,39
559,1379,39
559,1377,39
559,1312,39
559,1312,39
559,1312,39
559,1689,19991
559,1691,19991
559,1693,19991
559,1695,19991
559,1697,19991
559,1699,19991
559,1701,19991
559,1703,19991
559,1705,19991
559,1707,19991
559,1709,19991
559,1711,19991
559,1713,19991
559,1715,19991
559,1717,19991
559,1719,19991
559,1721,19991
559,1723,19991
559,1725,19991
559,1727,19991
559,1729,19991
559,1731,19991
559,1733,19991
559,1735,19991
559,1737,19991
559,1739,19991
559,1741,19991
559,1743,19991
559,1745,19991
559,1747,19991
559,1749,19991
559,1505,19991
559,1507,19991
559,1509,19991
559,1511,19991
559,1513,19991
559,1515,19991
559,1517,19991
559,1519,19991
559,1521,19991
559,1523,19991
559,1525,19991
559,1527,19991
559,1529,19991
559,1531,19991
559,1533,19991
559,1535,19991
559,1537,19991
559,1539,19991
559,1541,19991
559,1543,19991
559,1545,19991
559,1547,19991
559,1549,19991
559,1551,19991
559,1553,19991
559,1555,19991
559,1557,19991
559,1559,19991
559,1561,19991
559,1563,19991
559,1565,19991
559,1567,19991
559,1569,19991
559,1571,19991
559,1573,19991
559,1575,19991
559,1577,19991
559,1579,19991
559,1581,19991
559,1583,19991
559,1585,19991
559,1776,19991
559,1778,19991
559,1780,19991
559,1784,19991
559,1788,19991
559,1796,19991
559,1810,19991
559,1814,19991
559,1816,19991
559,1818,19991
559,1820,19991
559,1822,19991
559,1824,19991
559,1826,19991
559,1828,19991
559,1830,19991
559,1832,19991
559,1589,19991
559,1591,19991
559,1593,19991
559,1595,19991
559,1597,19991
559,1599,19991
559,1601,19991
559,1603,19991
559,1605,19991
559,1607,19991
559,1609,19991
559,1611,19991
559,1613,19991
559,1615,19991
559,1617,19991
559,1619,19991
559,1621,19991
559,1623,19991
559,1625,19991
559,1627,19991
559,1629,19991
559,1631,19991
559,1633,19991
559,1635,19991
559,1637,19991
559,1639,19991
559,1641,19991
559,1643,19991
559,1645,19991
559,1647,19991
559,1649,19991
559,1651,19991
559,1653,19991
559,1655,19991
559,1657,19991
559,1659,19991
559,1661,19991
559,1663,19991
559,1665,19991
559,1667,19991
559,1669,19991
559,1671,19991
559,1673,19991
559,1675,19991
559,1677,19991
559,1679,19991
559,1681,19991
559,1683,19991
559,1685,19991
559,1687,19991
